# MergeLife rules found by c/mergelife-trainer --preset spaceships
# 7 minutes on 18 cores; 125,205 rules considered, 108 cleared the threshold.
#
# The reporting threshold of 9.0 is calibrated against Red World
# (e542-5f79-9341-f31e-6c6b-7f08-8773-7068), the rule the paper names as its
# best, which scores about 10.5 on this objective. For scale, the paper's
# still-life-and-oscillators rule scores 3.8 and Game of Life 2.0. View with:
#   js/web-full-screen/ml-fullscreen.html?rule=<hex>&size=5
#
# rule<TAB>score<TAB>ships<TAB>guns<TAB>travel<TAB>rect<TAB>active<TAB>generations
7e18-62ac-5853-589e-45a1-a8f2-b5d8-65a1	12.1796	48.00	8.00	10.03	0.2343	0.03720	1001
6e18-6293-5859-e89e-a0ff-45a1-b5d8-659a	11.8730	51.00	6.00	11.58	0.2146	0.04200	1001
7e18-629f-5c53-50a2-45a1-b3f4-b5df-65a1	11.5241	54.00	10.00	9.92	0.2175	0.07030	1001
7e18-62ac-5c42-109e-45a1-9ff2-b7d8-64a1	11.4475	24.00	3.00	13.12	0.1320	0.03440	1001
3280-0b7f-8379-bd40-ff18-066f-55b8-a40d	11.4154	20.00	3.00	5.62	0.2448	0.07550	1001
7c18-629f-5c53-62c9-45a1-9cf2-dbf6-65a1	11.2647	52.00	8.00	11.48	0.3174	0.04260	1001
7e18-62ac-5c4d-119e-45a1-99f2-b5d8-64a1	11.2108	27.00	3.00	13.08	0.1806	0.04240	1001
7e18-62ac-5853-5ca9-45a1-b3d0-b561-659b	11.1878	54.00	11.00	10.93	0.2500	0.03070	1001
4e2b-1f6b-a090-68f8-86c8-05d4-dc73-a587	11.1199	55.00	5.00	5.42	0.2401	0.03290	1001
7e19-628f-6953-5cad-45a1-a7f2-b5dd-66a1	11.0870	77.00	11.00	9.09	0.2135	0.06260	1001
7e14-628f-5c53-509e-45a1-99f8-abc0-65a1	11.0437	43.00	6.00	10.50	0.2552	0.02380	1001
7e18-629f-5853-5c9f-b3f2-45a1-b5db-65a1	11.0105	40.00	5.00	10.44	0.1496	0.06770	1001
6e16-629f-5759-e89e-45a1-a0ff-b5d8-659a	10.9378	78.00	12.00	11.05	0.2268	0.06900	1001
7e18-62ac-5753-e891-45a1-b3ff-a30b-65a1	10.9257	38.00	7.00	9.47	0.2700	0.01460	1001
7707-62ca-5853-5d9f-45a1-b2f2-dbd8-65a1	10.8866	49.00	9.00	11.21	0.1377	0.05280	1001
4e2b-68f4-8cc3-b573-a090-00f3-1864-a580	10.8537	71.00	16.00	5.79	0.2449	0.02360	1001
7e18-62ac-5953-5e9e-45a2-b85d-c0d8-65a1	10.7967	68.00	16.00	10.52	0.2185	0.03530	1001
7618-62ab-5b53-5e9e-45a1-b3dd-b5f4-65a1	10.7897	166.00	31.00	11.47	0.2665	0.01270	1001
7e18-6298-45a1-589f-5452-a9fc-b5d8-65a1	10.7754	67.00	15.00	9.90	0.1369	0.04630	1001
4e33-65f4-90c3-ae73-a090-00dd-126c-a58b	10.7573	57.00	9.00	5.36	0.2294	0.01950	1001
2e80-f81f-0a7f-bd40-8379-007e-55b8-a40d	10.7358	21.00	3.00	4.61	0.2400	0.01370	1001
7318-629f-5852-589e-45a1-b31a-b4d8-659a	10.7220	72.00	15.00	12.11	0.1746	0.03280	1001
7e07-62ca-585d-509e-45a1-b3dd-b538-65a1	10.6917	26.00	4.00	8.17	0.1679	0.01550	1001
7e18-62ac-5853-5b9c-45a1-b3f2-c8d8-65a1	10.6801	31.00	5.00	8.87	0.3450	0.03010	1001
4e2d-68f4-8ac3-ffce-a090-00d4-b573-a580	10.5981	35.00	3.00	5.47	0.3550	0.00790	1001
7e1c-629e-5953-c152-45a1-4784-eaf5-65a1	10.5721	90.00	18.00	12.27	0.2397	0.02190	1001
4e2b-00f3-86c3-68f7-a090-1864-ce73-a587	10.5296	44.00	5.00	5.31	0.2655	0.01630	1001
7718-629f-5859-d8b9-45a1-a3ff-c5d8-659a	10.5236	38.00	4.00	9.85	0.1914	0.01430	1001
4e2b-1864-86c3-68f8-a090-07f3-c873-a587	10.5131	42.00	4.00	5.50	0.1300	0.03770	1001
4e2b-68f4-8cc3-be73-a090-00eb-fffd-a580	10.5053	39.00	3.00	5.38	0.2632	0.00870	1001
7e07-62ca-585d-4b9f-45a1-b3f2-b5d8-65a1	10.4966	30.00	3.00	10.16	0.1224	0.06600	1001
4e2b-1864-86c3-68f7-a08f-00f2-c873-a587	10.4531	37.00	4.00	5.48	0.2442	0.01320	1001
522b-65f4-8cc3-b573-a090-00dd-c675-a58b	10.4236	80.00	15.00	5.54	0.2530	0.01170	1001
a1c2-62c9-0644-5a9f-45a1-6c44-bae6-7da1	10.4017	34.00	3.00	4.91	0.2000	0.05490	1001
73ec-629f-5852-589e-45a1-b4d8-b3ff-6583	10.3584	117.00	21.00	12.91	0.2508	0.00320	1001
7e18-628f-5853-509e-45a1-99ed-b5d8-6599	10.3051	50.00	8.00	9.43	0.1504	0.02040	1001
9ac2-589f-060f-62be-45a1-6c44-b505-80a1	10.3045	47.00	8.00	4.94	0.2784	0.05780	1001
502b-1864-8cc3-67f9-a090-00f3-cd73-a587	10.2202	100.00	23.00	6.35	0.1350	0.02310	1001
3a80-f51f-0b7f-bd40-8379-0078-55b8-a40d	10.1762	20.00	1.00	4.85	0.3102	0.04490	1001
7d18-629f-5859-589e-45a1-b3ff-b5d8-659a	10.1291	132.00	32.00	9.86	0.2500	0.05020	1001
502b-0064-86c3-67f5-a08f-00f2-cd73-a587	10.0652	69.00	11.00	6.20	0.1775	0.00670	1001
4e2b-1751-86c3-68f8-a090-00f3-b873-a587	10.0138	53.00	8.00	5.23	0.1702	0.01150	1001
4e2b-1864-89c3-68f7-a08f-00f3-bf73-a580	9.9903	69.00	17.00	5.98	0.1025	0.04080	1001
7e18-6295-5452-58af-45a1-a9bc-b6d8-66a1	9.9858	39.00	9.00	10.84	0.1349	0.03240	1001
32c0-0b7f-8379-bd40-ff15-006b-55b8-a40d	9.9613	20.00	0.00	4.92	0.2400	0.06040	1001
7e18-628f-584c-679e-b5ff-45a1-a739-66a1	9.9527	25.00	3.00	11.05	0.2684	0.00650	1001
4e33-65f4-8cc3-b573-a090-00dd-1264-a580	9.9504	57.00	13.00	5.42	0.2058	0.02010	1001
4e2b-1863-82c3-66fc-a090-03f3-c573-a587	9.9345	152.00	40.00	6.69	0.2250	0.01890	1001
7e18-629e-5853-5f9f-45a1-b3dd-b5d8-65a1	9.9083	60.00	14.00	10.69	0.1665	0.07250	1001
532b-00cb-8cc3-b573-a090-68f4-fff5-a580	9.9067	59.00	14.00	8.14	0.1161	0.01730	1001
7e18-62ab-5953-619e-45a1-b3df-b5b7-65a1	9.8900	71.00	16.00	9.33	0.2584	0.11380	1001
7e18-62ac-4853-80a9-45a1-b3dd-b568-659b	9.8460	78.00	16.00	10.22	0.1780	0.17620	1001
502b-187f-8cc3-67fc-a090-00f3-d773-a588	9.8412	48.00	8.00	7.61	0.1512	0.01000	1001
7e18-627c-5c53-c16b-45a1-9de5-b4d2-65a1	9.8320	111.00	23.00	10.62	0.1710	0.17480	1001
b0c2-62c9-04cf-589f-45a1-6c44-b1fb-7da1	9.8305	34.00	4.00	4.95	0.3294	0.04100	1001
7e18-62a6-5859-58a0-45a1-b3e2-f5d8-659a	9.8152	67.00	13.00	9.86	0.2136	0.11580	1001
8018-62ac-5853-589f-45a1-b3f4-b5d8-65a1	9.8007	30.00	2.00	13.42	0.1170	0.02470	1001
a4c2-62c9-08d6-589f-45a1-6c44-b5fb-7da1	9.7671	32.00	4.00	5.17	0.2898	0.02910	1001
503f-107f-8cc3-00e1-a090-67fc-e773-a588	9.7545	57.00	8.00	5.60	0.1312	0.03500	1001
4237-1867-8cc5-6cfe-a090-00ca-c675-a58b	9.7123	29.00	3.00	6.97	0.1026	0.03570	1001
a1c2-62c9-06b3-589f-45a1-6c44-b6fb-7da1	9.7107	34.00	4.00	4.95	0.2520	0.07030	1001
4e2b-1871-86c3-68f2-a08f-00f2-d273-a580	9.7085	49.00	8.00	5.70	0.2255	0.00820	1001
4e2b-1863-8cc3-6cfe-a090-03f3-c675-a58b	9.7069	23.00	4.00	6.52	0.0670	0.04200	1001
7e18-628f-5c53-509e-45a1-99f2-b5df-65a1	9.7051	58.00	10.00	10.48	0.1716	0.09960	1001
70a7-938e-8ae1-a27f-16c7-7d1c-9ffc-d2df	9.5617	25.00	2.00	4.75	0.2240	0.05030	1001
5820-186e-8cd1-6cfb-a290-0008-c873-a598	9.5554	64.00	8.00	6.93	0.0600	0.04900	1001
a1c4-62ca-06b3-589f-45a1-6c54-c4d8-65a1	9.5511	216.00	67.00	10.23	0.1988	0.02860	1001
a587-6cfe-8fbd-1863-a090-0329-c57a-52ab	9.5358	192.00	54.00	7.46	0.2700	0.00690	1001
502b-1864-8cc3-6cfe-a090-00f3-c675-a597	9.5349	22.00	3.00	6.74	0.0627	0.03220	1001
4e2b-68fd-8cc3-1864-a090-00f3-b573-a580	9.5151	60.00	14.00	7.00	0.0594	0.02410	1001
7e18-62ac-5953-5e9e-45a1-b3dd-b5d8-65a1	9.4789	69.00	14.00	11.04	0.1680	0.13590	1001
582b-1a63-8cc3-6cfc-a290-00f3-c873-a591	9.4737	104.00	28.00	8.06	0.1044	0.01620	1001
5380-0b6a-8379-bd40-ff15-0073-55b8-a40d	9.4715	21.00	2.00	4.69	0.1196	0.07890	1001
582b-186e-8cc3-6cfb-a290-f008-c873-a595	9.4714	90.00	24.00	7.70	0.1904	0.01220	1001
422b-0d63-a090-6cfe-8fc3-0b85-c57a-a590	9.4543	22.00	3.00	7.82	0.0638	0.04790	1001
4e2b-1854-86c3-66f7-a090-00f3-cb73-a587	9.4380	67.00	9.00	5.56	0.1716	0.00660	1001
4d2c-187f-8cc3-67fc-a090-00d3-e773-a588	9.4298	70.00	16.00	8.07	0.1012	0.01430	1001
502b-1864-8cc3-68fc-a090-2908-d173-a587	9.4226	80.00	16.00	6.67	0.0741	0.03170	1001
3d2b-1863-8cc5-6cfe-a090-0fca-c675-a58b	9.4138	32.00	5.00	6.22	0.0800	0.04960	1001
9ec2-62ca-01b3-589f-45a1-6c54-b5e4-65a1	9.3885	212.00	58.00	10.32	0.1261	0.02730	1001
542b-c963-86ce-ffef-9d90-03f3-c57a-a587	9.3863	72.00	10.00	6.52	0.1260	0.03970	1001
a587-2063-8fbd-6cf2-a090-001f-c57a-52ab	9.3762	186.00	47.00	7.65	0.2546	0.00650	1001
7d18-629f-6953-5cad-45a1-a7f2-c5d8-66a1	9.3350	45.00	8.00	10.18	0.1335	0.10790	1001
7718-628f-5853-509e-45a1-a7f2-b5dd-66a1	9.3029	53.00	10.00	10.26	0.0948	0.02120	1001
4e2b-1864-86c3-68fc-a090-0013-c87a-a587	9.3013	29.00	3.00	6.70	0.0663	0.03440	1001
99c2-62ca-06d6-589f-45a1-6c44-9ffb-7da1	9.3007	23.00	2.00	5.24	0.3000	0.03110	1001
502b-68f4-8cc3-68fc-a090-1603-b573-a587	9.2674	65.00	11.00	5.49	0.1209	0.01160	1001
502d-1864-8cc3-68fc-a090-00f3-d973-a587	9.2527	61.00	11.00	7.79	0.0880	0.01160	1001
7e10-628f-5849-509e-45a1-a7f2-cddd-66a1	9.2336	23.00	3.00	11.27	0.2240	0.00660	1001
3280-0b7f-f115-bd40-8379-006b-55b8-a40d	9.2282	23.00	2.00	5.00	0.1800	0.09850	1001
76a7-c091-91eb-cc70-02aa-ec80-9cfa-ee2e	9.2119	21.00	2.00	4.46	0.2516	0.00620	1001
5219-0385-8fc3-6cfe-a090-0c7e-c675-a597	9.1935	42.00	8.00	6.37	0.1104	0.01690	1001
6318-629f-f842-58b9-45a1-a3ff-c5d8-6591	9.1905	39.00	8.00	13.67	0.1462	0.00440	1001
4e33-1865-8cc3-6cfc-a290-00f3-c873-a587	9.1890	80.00	18.00	7.59	0.1040	0.01460	1001
abeb-62c9-0656-589f-45a1-6c44-b1fb-7da1	9.1513	25.00	2.00	5.18	0.3600	0.03550	1001
4a25-0963-86ce-fffc-9d90-03f3-c57a-a587	9.1482	70.00	13.00	6.50	0.1316	0.02950	1001
a587-1863-8fbd-6cfe-a090-031f-c57a-522b	9.1284	207.00	53.00	7.37	0.2132	0.00630	1001
a587-1b63-8fbd-79fe-a08a-031f-c57a-52ab	9.1160	119.00	33.00	6.83	0.1550	0.00490	1001
502c-1955-8cc3-67fc-a090-00e1-e773-a588	9.0976	52.00	12.00	6.87	0.0875	0.01420	1001
8bdb-d11a-c0c5-4151-4820-b19a-60b3-63c8	9.0884	26.00	2.00	4.99	0.2600	0.02280	1001
582b-0063-8cc3-6cfc-a290-0083-be73-a593	9.0863	96.00	23.00	7.59	0.1020	0.02520	1001
85cf-26b2-eefc-66d0-2908-dd8c-55a0-25b7	9.0841	17.00	0.00	4.76	0.2366	0.04130	1001
542b-0963-86ce-039f-9d90-8872-c57a-a587	9.0748	80.00	20.00	6.64	0.1350	0.02440	1001
a587-1b63-8fbd-79fe-a090-00f3-c574-a580	9.0618	80.00	19.00	7.77	0.2964	0.00370	1001
4e2b-68f4-8cc3-b573-a090-c0d3-ecf2-a580	9.0494	53.00	9.00	5.16	0.3500	0.00390	1001
502b-67f9-8cc3-1864-a090-00f3-cd76-a587	9.0486	76.00	13.00	6.94	0.0736	0.03670	1001
4e2b-68f4-8cc3-d573-a090-00ee-e4f2-a580	9.0476	35.00	5.00	5.31	0.4500	0.01070	1001
502b-1864-8dc3-68fc-a090-161c-ce73-a587	9.0072	65.00	15.00	7.92	0.0722	0.01440	1001
